company_id
3
7
10
14
18
38
39
42
51
56
58
61
84
85
95
96
100
106
120
124
126
132
134
136
139
150
152
153
159
161
162
173
195
198
199
200
201
202
211
216
223
227
228
231
232
237
240
242
245
246
248
252
253
255
260
264
272
273
275
276
277
282
286
288
297
299
303
305
306
307
308
312
315
317
318
322
329
332
335
336
339
348
349
363
366
375
377
387
389
390
395
397
404
408
412
422
424
426
427
439
441
445
446
451
452
453
458
464
469
470
474
491
501
502
506
512
513
514
516
524
525
529
537
555
557
558
560
561
569
576
579
581
584
598
603
606
607
610
611
613
621
625
628
633
638
645
654
657
658
665
666
670
671
672
673
675
676
679
684
686
691
694
705
713
719
720
723
725
738
739
742
744
748
754
755
756
762
764
765
771
776
784
786
787
789
797
799
804
805
807
808
817
819
828
841
853
854
862
872
879
889
891
893
898
899
900
903
912
920
921
935
941
943
945
948
951
953
954
961
972
976
977
979
980
989
992
994
1004
1005
1006
1007
1014
1015
1018
1022
1023
1050
1051
1059
1066
1072
1075
1076
1079
1084
1088
1092
1093
1102
1103
1105
1106
1107
1110
1111
1112
1115
1119
1124
1126
1127
1129
1139
1152
1153
1154
1158
1162
1164
1165
1167
1169
1174
1179
1180
1181
1193
1194
1199
1203
1205
1207
1210
1211
1213
1217
1218
1223
1229
1231
1237
1238
1240
1241
1248
1251
1261
1263
1267
1270
1273
1277
1281
1283
1288
1289
1290
1291
1306
1310
1312
1318
1321
1327
1331
1336
1338
1339
1343
1355
1361
1362
1380
1382
1387
1396
1401
1417
1422
1425
1429
1430
1433
1435
1444
1446
1447
1449
1453
1456
1463
1466
1472
1473
1481
1486
1492
1500
1501
1508
1511
1514
1516
1524
1526
1529
1530
1536
1537
1542
1550
1553
1555
1562
1566
1568
1571
1575
1576
1584
1589
1591
1592
1593
1596
1599
1600
1602
1603
1608
1610
1615
1616
1622
1631
1632
1645
1654
1659
1662
1663
1668
1670
1672
1676
1681
1684
1686
1689
1692
1696
1698
1700
1703
1709
1711
1720
1723
1724
1726
1728
1737
1738
1747
1749
1752
1753
1760
1764
1765
1766
1767
1770
1774
1776
1778
1783
1784
1785
1786
1789
1793
1796
1797
1799
1800
1806
1808
1810
1813
1814
1821
1823
1824
1826
1827
1835
1844
1846
1849
1850
1851
1853
1855
1863
1864
1866
1869
1871
1877
1883
1885
1895
1898
1899
1909
1917
1922
1927
1932
1935
1940
1942
1943
1946
1947
1952
1953
1954
1956
1973
1976
1977
1979
1985
1986
1987
1992
1993
1997
2002
2018
2025
2030
2031
2042
2044
2045
2048
2049
2056
2063
2065
2074
2079
2090
2096
2097
2102
2103
2104
2109
2121
2128
2129
2133
2134
2135
2138
2142
2151
2154
2157
2162
2163
2165
2168
2172
2174
2175
2177
2181
2182
2183
2184
2185
2190
2192
2203
2204
2205
2206
2207
2209
2213
2216
2222
2237
2239
2241
2242
2249
2253
2255
2256
2270
2278
2279
2283
2287
2290
2298
2300
2301
2307
2316
2321
2326
2327
2328
2329
2331
2333
2335
2337
2339
2346
2352
2359
2361
2369
2371
2372
2375
2376
2381
2385
2392
2394
2397
2399
2416
2418
2419
2420
2422
2425
2430
2431
2433
2436
2445
2452
2455
2458
2463
2464
2468
2473
2478
2479
2482
2484
2489
2491
2501
2510
2520
2522
2526
2532
2535
2541
2543
2544
2545
2548
2549
2550
2554
2562
2570
2580
2584
2591
2592
2602
2604
2606
2613
2616
2618
2622
2623
2631
2632
2636
2638
2642
2646
2650
2652
2656
2658
2659
2662
2674
2676
2681
2683
2684
2685
2689
2698
2701
2702
2703
2705
2707
2708
2710
2711
2715
2721
2725
2726
2727
2730
2737
2745
2747
2748
2752
2758
2764
2768
2770
2779
2784
2787
2790
2794
2798
2801
2804
2811
2815
2816
2818
2822
2826
2827
2832
2833
2834
2835
2843
2855
2857
2874
2878
2879
2885
2888
2890
2898
2902
2903
2905
2907
2910
2918
2925
2927
2939
2949
2952
2960
2964
2965
2966
2967
2971
2974
2977
2981
2984
2994
2996
2999
3001
3005
3013
3016
3018
3021
3025
3027
3031
3033
3036
3041
3045
3052
3060
3064
3067
3074
3078
3081
3085
3087
3092
3095
3096
3100
3104
3106
3118
3124
3127
3128
3134
3142
3155
3157
3166
3174
3175
3177
3185
3186
3188
3189
3192
3193
3194
3196
3198
3200
3215
3217
3222
3224
3226
3228
3231
3232
3235
3237
3239
3242
3244
3250
3253
3268
3273
3274
3276
3280
3284
3286
3291
3292
3294
3296
3299
3312
3313
3319
3320
3321
3323
3324
3333
3334
3336
3340
3342
3344
3349
3364
3367
3368
3382
3391
3399
3406
3408
3417
3418
3426
3427
3433
3434
3440
3447
3451
3454
3462
3466
3470
3471
3477
3479
3481
3482
3490
3493
3496
3499
3501
3505
3508
3511
3512
3516
3521
3523
3531
3536
3537
3542
3551
3569
3571
3574
3576
3581
3583
3587
3599
3603
3608
3609
3611
3612
3615
3621
3623
3627
3630
3634
3636
3639
3640
3641
3645
3665
3668
3678
3679
3680
3683
3685
3687
3689
3691
3697
3700
3702
3708
3710
3719
3721
3724
3725
3730
3732
3733
3739
3746
3761
3763
3764
3766
3775
3776
3781
3785
3786
3789
3794
3798
3799
3807
3814
3819
3823
3830
3836
3843
3848
3852
3855
3856
3859
3863
3864
3866
3871
3879
3886
3892
3901
3902
3903
3905
3906
3908
3914
3928
3931
3934
3937
3941
3945
3946
3949
3956
3966
3969
3971
3981
3983
3984
3989
3997
4003
4004
4007
4008
4010
4013
4014
4023
4030
4038
4040
4045
4047
4048
4052
4068
4071
4076
4079
4083
4084
4086
4090
4094
4095
4096
4097
4110
4114
4115
4121
4126
4129
4130
4131
4132
4135
4139
4141
4144
4146
4151
4152
4156
4163
4171
4173
4174
4175
4180
4183
4185
4186
4193
4194
4195
4203
4207
4208
4210
4214
4217
4218
4219
4222
4223
4229
4231
4234
4235
4238
4248
4251
4261
4266
4268
4270
4274
4279
4280
4281
4288
4289
4291
4302
4304
4309
4310
4311
4319
4320
4321
4323
4331
4332
4338
4340
4341
4346
4356
4357
4359
4368
4380
4386
4396
4399
4400
4404
4406
4407
4417
4422
4423
4432
4434
4439
4440
4444
4447
4451
4468
4483
4488
4492
4499
4501
4504
4505
4507
4510
4511
4523
4528
4535
4537
4538
4543
4551
4555
4559
4560
4563
4564
4567
4576
4577
4579
4580
4583
4585
4586
4593
4594
4608
4609
4614
4619
4620
4623
4625
4627
4628
4637
4641
4645
4648
4655
4659
4662
4669
4670
4679
4685
4687
4688
4701
4703
4705
4713
4716
4721
4727
4728
4729
4738
4740
4748
4753
4767
4769
4771
4784
4785
4800
4803
4808
4815
4817
4831
4837
4839
4846
4853
4857
4861
4865
4866
4868
4873
4879
4883
4885
4886
4888
4889
4894
4896
4897
4900
4903
4906
4909
4912
4916
4917
4919
4924
4925
4939
4943
4944
4954
4955
4957
4958
4959
4960
4966
4969
4971
4972
4976
4977
4978
4987
4988
4990
4993
4994
5003
5014
5015
5028
5032
5035
5036
5039
5044
5047
5048
5049
5056
5074
5075
5076
5078
5082
5083
5088
5092
5094
5095
5098
5100
5106
5107
5114
5119
5120
5122
5125
5128
5136
5138
5151
5154
5162
5165
5168
5174
5179
5184
5188
5193
5198
5200
5201
5202
5205
5207
5208
5211
5217
5218
5220
5224
5228
5236
5238
5247
5254
5256
5257
5260
5262
5263
5271
5272
5275
5276
5277
5279
5280
5282
5283
5284
5294
5297
5303
5304
5305
5307
5309
5312
5316
5323
5331
5334
5343
5344
5347
5354
5357
5371
5379
5380
5381
5382
5383
5384
5390
5399
5404
5407
5410
5416
5419
5424
5431
5432
5436
5443
5445
5455
5460
5463
5472
5474
5476
5478
5481
5483
5484
5504
5515
5517
5535
5541
5542
5544
5548
5549
5565
5566
5571
5575
5576
5579
5580
5581
5583
5585
5590
5591
5596
5597
5602
5606
5609
5610
5614
5619
5620
5621
5625
5630
5634
5635
5642
5646
5648
5649
5657
5659
5663
5669
5678
5681
5688
5691
5706
5708
5711
5716
5717
5723
5728
5730
5731
5733
5734
5738
5744
5745
5749
5753
5761
5766
5767
5769
5778
5785
5787
5788
5792
5793
5795
5803
5807
5810
5819
5825
5830
5831
5836
5837
5852
5854
5875
5888
5889
5891
5892
5895
5898
5904
5905
5907
5908
5912
5914
5915
5925
5932
5933
5940
5951
5953
5957
5959
5963
5972
5973
5985
5988
5989
5992
6001
6014
6016
6019
6020
6033
6034
6035
6037
6044
6050
6054
6056
6065
6069
6071
6072
6085
6088
6090
6095
6101
6105
6109
6118
6120
6121
6122
6125
6133
6140
6151
6152
6156
6164
6172
6177
6179
6180
6182
6184
6185
6189
6193
6195
6196
6201
6203
6204
6210
6216
6223
6226
6227
6229
6233
6239
6246
6249
6250
6258
6265
6274
6275
6278
6281
6282
6290
6292
6293
6297
6307
6313
6316
6323
6335
6339
6346
6347
6352
6355
6361
6368
6372
6381
6383
6388
6403
6410
6412
6416
6421
6425
6426
6428
6431
6432
6433
6434
6438
6442
6443
6445
6447
6449
6450
6451
6457
6461
6463
6469
6474
6479
6481
6482
6483
6487
6492
6493
6499
6500
6501
6503
6504
6508
6510
6514
6516
6520
6521
6523
6527
6529
6533
6537
6539
6540
6544
6552
6553
6556
6564
6569
6570
6572
6573
6574
6575
6582
6585
6586
6589
6590
6601
6604
6605
6606
6610
6614
6616
6621
6622
6623
6626
6628
6630
6633
6634
6636
6638
6639
6644
6654
6666
6669
6670
6677
6680
6682
6684
6691
6692
6697
6711
6714
6720
6722
6723
6732
6744
6745
6746
6751
6759
6777
6783
6790
6805
6809
6810
6814
6816
6819
6821
6823
6825
6826
6831
6838
6842
6843
6844
6849
6851
6854
6863
6869
6870
6871
6872
6874
6875
6879
6880
6882
6894
6905
6907
6912
6915
6918
6922
6925
6927
6942
6944
6953
6955
6961
6964
6973
6976
6978
6979
6989
6991
6992
6994
7002
7011
7012
7014
7017
7019
7023
7030
7031
7033
7037
7038
7045
7049
7052
7054
7056
7063
7072
7073
7074
7079
7082
7090
7093
7094
7102
7106
7107
7110
7111
7121
7129
7131
7133
7135
7140
7144
7147
7148
7150
7152
7170
7172
7188
7190
7196
7198
7203
7204
7213
7216
7220
7226
7227
7228
7234
7235
7249
7253
7254
7259
7260
7269
7270
7271
7272
7273
7274
7276
7282
7283
7285
7286
7287
7290
7293
7302
7304
7306
7310
7315
7322
7325
7326
7327
7328
7334
7335
7342
7345
7357
7359
7373
7385
7389
7390
7393
7397
7401
7405
7408
7412
7416
7417
7419
7421
7428
7429
7430
7432
7433
7436
7442
7443
7451
7458
7460
7461
7466
7467
7468
7475
7486
7487
7489
7490
7494
7495
7496
7497
7502
7503
7504
7509
7511
7513
7515
7525
7528
7531
7537
7538
7542
7546
7550
7556
7557
7558
7559
7565
7566
7569
7570
7571
7573
7578
7582
7583
7586
7588
7589
7591
7594
7603
7604
7605
7607
7614
7617
7623
7626
7629
7630
7631
7635
7636
7639
7642
7643
7646
7647
7649
7651
7652
7653
7656
7658
7668
7670
7671
7675
7676
7678
7687
7692
7696
7705
7710
7712
7713
7718
7719
7733
7735
7741
7744
7749
7751
7759
7760
7763
7765
7768
7770
7773
7781
7785
7788
7791
7800
7805
7810
7816
7817
7819
7821
7827
7833
7840
7841
7842
7846
7850
7853
7865
7870
7873
7879
7883
7885
7886
7889
7891
7893
7899
7903
7911
7918
7921
7923
7930
7939
7943
7947
7964
7969
7972
7973
7976
7978
7982
7997
7998
8001
8002
8004
8007
8010
8012
8019
8022
8024
8027
8032
8033
8036
8040
8044
8045
8047
8052
8056
8057
8062
8064
8068
8069
8070
8071
8073
8075
8078
8082
8087
8088
8091
8092
8102
8113
8120
8122
8125
8130
8131
8135
8136
8143
8151
8152
8165
8169
8170
8171
8178
8179
8194
8198
8206
8207
8208
8231
8233
8237
8240
8242
8243
8250
8267
8272
8293
8294
8298
8299
8302
8303
8307
8309
8310
8314
8323
8326
8328
8332
8336
8341
8343
8346
8350
8353
8354
8355
8359
8365
8367
8368
8369
8372
8382
8389
8390
8392
8394
8395
8396
8399
8400
8401
8407
8420
8422
8423
8428
8429
8431
8436
8441
8442
8443
8444
8447
8453
8454
8465
8470
8472
8481
8484
8488
8489
8497
8498
8501
8503
8507
8510
8518
8519
8522
8525
8529
8532
8533
8542
8547
8550
8552
8563
8566
8567
8569
8575
8578
8587
8590
8595
8602
8606
8612
8613
8614
8624
8625
8628
8633
8640
8642
8643
8645
8650
8652
8657
8665
8668
8675
8678
8682
8684
8694
8695
8696
8698
8699
8714
8715
8717
8718
8723
8725
8730
8737
8746
8754
8756
8758
8761
8763
8768
8771
8776
8780
8794
8797
8801
8802
8805
8807
8808
8815
8816
8824
8830
8831
8835
8838
8843
8845
8847
8855
8856
8863
8865
8866
8870
8874
8875
8878
8879
8882
8890
8891
8901
8902
8906
8907
8915
8919
8922
8924
8925
8926
8927
8929
8935
8937
8938
8940
8943
8945
8947
8949
8953
8957
8958
8960
8971
8979
8982
8986
8988
8991
8997
8998
9000
9001
9005
9006
9011
9012
9014
9017
9025
9027
9035
9039
9044
9052
9054
9055
9059
9062
9072
9093
9094
9095
9096
9107
9111
9131
9132
9133
9134
9143
9145
9149
9154
9159
9161
9175
9181
9187
9190
9195
9197
9209
9212
9220
9222
9225
9233
9235
9236
9240
9241
9244
9247
9249
9251
9254
9266
9269
9278
9283
9287
9288
9290
9294
9299
9300
9302
9303
9308
9310
9311
9312
9316
9319
9320
9333
9336
9339
9341
9345
9349
9352
9359
9375
9377
9380
9384
9385
9391
9393
9399
9411
9414
9415
9420
9421
9423
9427
9430
9433
9435
9444
9448
9449
9451
9452
9456
9470
9472
9475
9480
9482
9486
9490
9495
9501
9503
9506
9508
9509
9514
9521
9522
9529
9531
9532
9534
9536
9537
9540
9541
9542
9544
9549
9552
9553
9557
9558
9565
9569
9570
9575
9577
9579
9584
9587
9590
9591
9598
9604
9610
9612
9613
9624
9626
9631
9633
9634
9635
9641
9648
9649
9650
9658
9665
9669
9671
9679
9682
9683
9685
9688
9694
9696
9698
9699
9704
9705
9708
9720
9723
9728
9730
9732
9749
9759
9760
9767
9788
9790
9791
9794
9796
9812
9817
9818
9822
9823
9824
9830
9831
9833
9837
9845
9846
9848
9849
9850
9858
9859
9862
9868
9873
9875
9879
9882
9883
9884
9887
9894
9896
9897
9901
9916
9922
9926
9927
9933
9936
9938
9939
9940
9941
9946
9949
9953
9955
9957
9961
9964
9966
9988
9991
9997
9999
